3.132808769075805e-178
7.73532881602677e-173
1.782945564872765e-167
3.83039745616809e-162
7.65807035228088e-157
1.4225788666849282e-151
2.4513951241485858e-146
3.9121293390246305e-141
5.772189332959187e-136
7.860279642020605e-131
9.861019478562439e-126
1.137567041712869e-120
1.2043459047160693e-115
1.167745204416292e-110
1.0347111664720556e-105
8.359013372303029e-101
6.1415116974158166e-96
4.0927647015866223e-91
2.4667235806737694e-86
1.3403446443640668e-81
6.543448734260263e-77
2.8592036764409335e-72
1.113562510369863e-67
3.847691810522146e-63
1.1734307727907364e-58
3.140318386705457e-54
7.326928504097273e-50
1.479457869546848e-45
2.563705661713636e-41
3.77592541261231e-37
4.6739810861801785e-33
4.798348395762445e-29
4.0205512825678214e-25
2.6956361794132224e-21
1.409890962653855e-17
5.5597698053577725e-14
1.5746125929692615e-10
2.969935080085405e-7
0.00032609198798636436
0.15204454799020195
0.44059669892594966
0.20600298155127048
16.599191276794276
10.833615520324278
15.625342636782488
2.945547376349618
3.579188204399098
0.32707800100474727
0.035821433283884145
0.00264457135049195
0.0011891090017560936
0.0005306127858547253
0.00025601027254398373
8.332510893659302e-5
0.0003827258774330148
0.00031154078948403296
0.00016654785783127863
0.0
0.00039153207855442435
0.0007727368124046102
0.0003989290873175173
0.0
0.0
2.5196481078797923e-5
0.0
9.921121119175672e-5
0.0005272784007094174
0.0013687767326912975
0.0019592933775837667
0.0025216154051628235
0.002332374592645919
0.0025104459085088203
0.002502776311646313
0.003742296280204786
0.005391759111934808
0.006147855457624702
0.007297302564737596
0.01688570289808634
0.05746690032058666
0.04922840331025573
0.37382719436512024
0.5712274147506762
0.2761569425713389
0.06455231320021104
0.04846053292147668
0.0151132627068695
0.006170943037549294
0.006844240342855688
0.00571435365712507
0.003381212974014124
0.0025607335401934424
0.002358388492125574
0.002493828879064322
0.002162419692818392
0.0016834091840796095
0.0013310729982292898
0.0012120166902242437
0.0010196587850709632
0.001189235128488909
0.0007585964927872027
0.0003480567852625567
0.00028908605575032133
0.0008906837343664345
0.0010004611408655475
0.0004252916216391156
3.7154147801643603e-6
0.0005198817371083918
0.00047227982590469775
0.0005316174990572425
0.0004500534356142727
0.000565649837643557
0.0005996184496973034
0.0008785188718603247
0.001745511418518203
0.005927399578636037
0.08058398884520733
0.9392230468882848
12.206218577725444
26.5811632994728
35.151554413120856
13.120096785857408
0.5382346188959037
0.0016327485021861426
0.0009474975873202023
1.9300819175917344e-5
0.0005034341738095205
1.4026261830517911e-6
1.7736122398536332e-9
1.3819249162512013e-12
7.545979354316694e-16
3.102022811979622e-19
1.0048099593716877e-22
2.646957360162169e-26
5.8034481102590436e-30
1.0779228641293802e-33
1.719985743956871e-37
2.3846415619586453e-41
2.8997645533693794e-45
3.1173343663478344e-49
2.98282274396026e-53
2.555309164237912e-57
1.9699838026018076e-61
1.372956958012329e-65
8.685271007344055e-70
5.005175847914433e-74
2.6362713930907607e-78
1.2728912067020684e-82
5.649458907510248e-87
2.3105966628978923e-91
8.728630805378722e-96
3.052120954573508e-100
9.898162406938152e-105
2.982704517406446e-109
8.366091911557784e-114
2.1877587792634387e-118
5.342035154251749e-123
1.2197566069920562e-127
2.6079153758295797e-132
5.227953498321583e-137
9.83838811898996e-142
1.7401267533470023e-146
2.8959429431281577e-151
4.539600048755403e-156
6.709815098231381e-161
9.360601040302723e-166
